{
 "cells": [
  {
   "cell_type": "code",
   "execution_count": 2,
   "metadata": {},
   "outputs": [],
   "source": [
    "%load_ext autoreload\n",
    "%autoreload 2\n",
    "import numpy as np\n",
    "import pandas as pd\n",
    "import scipy.linalg\n",
    "import matplotlib.pyplot as plt\n",
    "import linear_shrinkage\n",
    "import Util\n",
    "from os.path import join\n",
    "from generating_MTP import generate_mat as generate_MTP2\n",
    "import os"
   ]
  },
  {
   "cell_type": "code",
   "execution_count": 3,
   "metadata": {},
   "outputs": [],
   "source": [
    "def generate_vols(old_r, old_d, w, a, b):\n",
    "    return np.sqrt(w + a*old_r**2 + b*old_d**2)"
   ]
  },
  {
   "cell_type": "code",
   "execution_count": 20,
   "metadata": {},
   "outputs": [
    {
     "ename": "KeyboardInterrupt",
     "evalue": "",
     "output_type": "error",
     "traceback": [
      "\u001b[0;31m---------------------------------------------------------------------------\u001b[0m",
      "\u001b[0;31mKeyboardInterrupt\u001b[0m                         Traceback (most recent call last)",
      "\u001b[0;32m<ipython-input-20-96edebd07290>\u001b[0m in \u001b[0;36m<module>\u001b[0;34m()\u001b[0m\n\u001b[1;32m      5\u001b[0m \u001b[0;34m\u001b[0m\u001b[0m\n\u001b[1;32m      6\u001b[0m \u001b[0;31m#C = np.eye(N) #uncond_corr_mat\u001b[0m\u001b[0;34m\u001b[0m\u001b[0;34m\u001b[0m\u001b[0m\n\u001b[0;32m----> 7\u001b[0;31m \u001b[0mC\u001b[0m \u001b[0;34m=\u001b[0m \u001b[0mUtil\u001b[0m\u001b[0;34m.\u001b[0m\u001b[0mcov_to_corr\u001b[0m\u001b[0;34m(\u001b[0m\u001b[0mnp\u001b[0m\u001b[0;34m.\u001b[0m\u001b[0mlinalg\u001b[0m\u001b[0;34m.\u001b[0m\u001b[0minv\u001b[0m\u001b[0;34m(\u001b[0m\u001b[0mgenerate_MTP2\u001b[0m\u001b[0;34m(\u001b[0m\u001b[0mN\u001b[0m\u001b[0;34m,\u001b[0m \u001b[0;36m25\u001b[0m\u001b[0;34m,\u001b[0m \u001b[0msparse_thres\u001b[0m \u001b[0;34m=\u001b[0m \u001b[0;36m0.3\u001b[0m\u001b[0;34m)\u001b[0m\u001b[0;34m)\u001b[0m\u001b[0;34m)\u001b[0m\u001b[0;34m\u001b[0m\u001b[0m\n\u001b[0m\u001b[1;32m      8\u001b[0m \u001b[0;34m\u001b[0m\u001b[0m\n\u001b[1;32m      9\u001b[0m \u001b[0mC_inv\u001b[0m \u001b[0;34m=\u001b[0m \u001b[0mgenerate_MTP2\u001b[0m\u001b[0;34m(\u001b[0m\u001b[0mN\u001b[0m\u001b[0;34m,\u001b[0m \u001b[0;36m25\u001b[0m\u001b[0;34m,\u001b[0m \u001b[0msparse_thres\u001b[0m \u001b[0;34m=\u001b[0m \u001b[0;36m0.3\u001b[0m\u001b[0;34m)\u001b[0m\u001b[0;34m\u001b[0m\u001b[0m\n",
      "\u001b[0;32m~/Documents/meng/MTP2-finance/generating_MTP.py\u001b[0m in \u001b[0;36mgenerate_mat\u001b[0;34m(p, target_S, sparse_thres)\u001b[0m\n\u001b[1;32m     35\u001b[0m         \u001b[0msam_inv\u001b[0m \u001b[0;34m=\u001b[0m \u001b[0mnp\u001b[0m\u001b[0;34m.\u001b[0m\u001b[0mzeros\u001b[0m\u001b[0;34m(\u001b[0m\u001b[0;34m(\u001b[0m\u001b[0mp\u001b[0m\u001b[0;34m,\u001b[0m\u001b[0mp\u001b[0m\u001b[0;34m)\u001b[0m\u001b[0;34m)\u001b[0m\u001b[0;34m\u001b[0m\u001b[0m\n\u001b[1;32m     36\u001b[0m         \u001b[0;32mfor\u001b[0m \u001b[0mi\u001b[0m \u001b[0;32min\u001b[0m \u001b[0mrange\u001b[0m\u001b[0;34m(\u001b[0m\u001b[0mp\u001b[0m\u001b[0;34m)\u001b[0m\u001b[0;34m:\u001b[0m\u001b[0;34m\u001b[0m\u001b[0m\n\u001b[0;32m---> 37\u001b[0;31m             \u001b[0;32mfor\u001b[0m \u001b[0mj\u001b[0m \u001b[0;32min\u001b[0m \u001b[0mrange\u001b[0m\u001b[0;34m(\u001b[0m\u001b[0mi\u001b[0m\u001b[0;34m+\u001b[0m\u001b[0;36m1\u001b[0m\u001b[0;34m,\u001b[0m \u001b[0mp\u001b[0m\u001b[0;34m)\u001b[0m\u001b[0;34m:\u001b[0m\u001b[0;34m\u001b[0m\u001b[0m\n\u001b[0m\u001b[1;32m     38\u001b[0m                 \u001b[0;32mif\u001b[0m \u001b[0mnp\u001b[0m\u001b[0;34m.\u001b[0m\u001b[0mrandom\u001b[0m\u001b[0;34m.\u001b[0m\u001b[0muniform\u001b[0m\u001b[0;34m(\u001b[0m\u001b[0;34m)\u001b[0m \u001b[0;34m<\u001b[0m \u001b[0msparse_thres\u001b[0m\u001b[0;34m:\u001b[0m\u001b[0;34m\u001b[0m\u001b[0m\n\u001b[1;32m     39\u001b[0m                     \u001b[0msam_inv\u001b[0m\u001b[0;34m[\u001b[0m\u001b[0mi\u001b[0m\u001b[0;34m]\u001b[0m\u001b[0;34m[\u001b[0m\u001b[0mj\u001b[0m\u001b[0;34m]\u001b[0m \u001b[0;34m=\u001b[0m \u001b[0;36m0\u001b[0m\u001b[0;34m\u001b[0m\u001b[0m\n",
      "\u001b[0;31mKeyboardInterrupt\u001b[0m: "
     ]
    }
   ],
   "source": [
    "N = 5\n",
    "T = 1250\n",
    "\n",
    "student_t = False\n",
    "\n",
    "#C = np.eye(N) #uncond_corr_mat\n",
    "C = Util.cov_to_corr(np.linalg.inv(generate_MTP2(N, 25, sparse_thres = 0.3)))\n",
    "\n",
    "C_inv = generate_MTP2(N, 25, sparse_thres = 0.3)\n",
    "print(\"generated C!\")\n",
    "alpha = 0.05\n",
    "beta = 0.93\n",
    "w = 0\n",
    "a = np.ones(N) * 0.05\n",
    "b = np.ones(N) * 0.9\n",
    "\n",
    "r_0 = np.zeros(N)\n",
    "d_0 = np.ones(N)\n",
    "Q_0 = C\n",
    "r_series = [r_0] #first return is 0\n",
    "d_series = [d_0]\n",
    "Q_series = [Q_0]\n",
    "\n",
    "Q_inv_series = [C_inv]\n",
    "\n",
    "H_series = [None]\n",
    "\n",
    "for t in range(T + 500):\n",
    "    old_r = r_series[-1] #both vectors of length N\n",
    "    old_d = d_series[-1]\n",
    "    s_t_1 = (old_r / old_d).reshape(-1, 1)\n",
    "    Q_t = (1-alpha-beta)*C + alpha*(s_t_1.dot(s_t_1.T)) + beta*Q_series[-1]\n",
    "    \n",
    "    #print(s_t_1.shape)\n",
    "    #Q_t_inv = (1-alpha-beta)*C_inv + alpha*np.linalg.inv(s_t_1.dot(s_t_1.T)) + beta*Q_inv_series[-1]\n",
    "    Q_t_inv = None\n",
    "    #Q_t = np.linalg.inv(Q_t_inv)\n",
    "    \n",
    "    #conditional variances at the t-th time step\n",
    "    d_t = generate_vols(old_r, old_d, w, a, b)\n",
    "    D_t = np.diag(d_t) \n",
    "    \n",
    "    #Q_t is the conditional covariance matrix, of the devolatized returns\n",
    "    #R_t is the conditional correlation matrix of the devolatized returns\n",
    "    #H_t is the conditional covariance matrix of the returns (after factoring in the vols)\n",
    "    \n",
    "    Q_t_diag = np.diag(np.power(np.diag(Q_t), -0.5))\n",
    "    R_t = Q_t_diag.dot(Q_t).dot(Q_t_diag)\n",
    "    H_t = D_t.dot(R_t).dot(D_t)\n",
    "    \n",
    "    r_t = np.random.multivariate_normal(mean = np.zeros(N),\n",
    "                                        cov = H_t)\n",
    "    \n",
    "    if student_t:\n",
    "        r_t = np.random.standard_t(5, size = N)\n",
    "        r_t = scipy.linalg.sqrtm(H_t).dot(r_t)\n",
    "    \n",
    "    r_series.append(r_t)\n",
    "    d_series.append(d_t)\n",
    "    Q_series.append(Q_t)\n",
    "    Q_inv_series.append(Q_t_inv)\n",
    "    H_series.append(H_t)"
   ]
  },
  {
   "cell_type": "code",
   "execution_count": 19,
   "metadata": {},
   "outputs": [
    {
     "name": "stdout",
     "output_type": "stream",
     "text": [
      "[[0. 0. 0. ... 0. 0. 0.]\n",
      " [0. 0. 0. ... 0. 0. 0.]\n",
      " [0. 0. 0. ... 0. 0. 0.]\n",
      " ...\n",
      " [0. 0. 0. ... 0. 0. 0.]\n",
      " [0. 0. 0. ... 0. 0. 0.]\n",
      " [0. 0. 0. ... 0. 0. 0.]]\n",
      "[[ 5.38782897e+00  1.36956183e+00 -1.38471709e+00 ... -3.92395042e-01\n",
      "   9.82603287e-02 -2.38587135e-01]\n",
      " [ 1.36956183e+00  3.48136442e-01 -3.51988840e-01 ... -9.97450504e-02\n",
      "   2.49773325e-02 -6.06477739e-02]\n",
      " [-1.38471709e+00 -3.51988840e-01  3.55883869e-01 ...  1.00848806e-01\n",
      "  -2.52537260e-02  6.13188883e-02]\n",
      " ...\n",
      " [-3.92395042e-01 -9.97450504e-02  1.00848806e-01 ...  2.85780915e-02\n",
      "  -7.15628987e-03  1.73762771e-02]\n",
      " [ 9.82603287e-02  2.49773325e-02 -2.52537260e-02 ... -7.15628987e-03\n",
      "   1.79201906e-03 -4.35122392e-03]\n",
      " [-2.38587135e-01 -6.06477739e-02  6.13188883e-02 ...  1.73762771e-02\n",
      "  -4.35122392e-03  1.05652613e-02]]\n",
      "[[ 3.95143465e+00  2.57142877e+00  1.02327932e+00 ...  2.46376879e-02\n",
      "   1.70971668e-01 -1.94106445e+00]\n",
      " [ 2.57142877e+00  1.67337854e+00  6.65907477e-01 ...  1.60331792e-02\n",
      "   1.11261227e-01 -1.26316374e+00]\n",
      " [ 1.02327932e+00  6.65907477e-01  2.64992504e-01 ...  6.38027418e-03\n",
      "   4.42755067e-02 -5.02665810e-01]\n",
      " ...\n",
      " [ 2.46376879e-02  1.60331792e-02  6.38027418e-03 ...  1.53619058e-04\n",
      "   1.06602967e-03 -1.21027789e-02]\n",
      " [ 1.70971668e-01  1.11261227e-01  4.42755067e-02 ...  1.06602967e-03\n",
      "   7.39764509e-03 -8.39864643e-02]\n",
      " [-1.94106445e+00 -1.26316374e+00 -5.02665810e-01 ... -1.21027789e-02\n",
      "  -8.39864643e-02  9.53509679e-01]]\n",
      "[[12.0390969   5.72072158 -1.20761347 ... -1.7615416  -4.12993874\n",
      "  -0.94017546]\n",
      " [ 5.72072158  2.71836465 -0.57383211 ... -0.83704692 -1.96245863\n",
      "  -0.44675129]\n",
      " [-1.20761347 -0.57383211  0.12113286 ...  0.17669609  0.41426443\n",
      "   0.09430679]\n",
      " ...\n",
      " [-1.7615416  -0.83704692  0.17669609 ...  0.25774598  0.6042861\n",
      "   0.13756499]\n",
      " [-4.12993874 -1.96245863  0.41426443 ...  0.6042861   1.41675029\n",
      "   0.32252146]\n",
      " [-0.94017546 -0.44675129  0.09430679 ...  0.13756499  0.32252146\n",
      "   0.07342161]]\n",
      "[[0.0969953  0.03617074 0.07459405 ... 0.38432876 0.1757654  0.03372998]\n",
      " [0.03617074 0.01348851 0.02781704 ... 0.14332091 0.06554507 0.01257832]\n",
      " [0.07459405 0.02781704 0.05736641 ... 0.29556731 0.13517205 0.02593997]\n",
      " ...\n",
      " [0.38432876 0.14332091 0.29556731 ... 1.52284285 0.69644302 0.13364978]\n",
      " [0.1757654  0.06554507 0.13517205 ... 0.69644302 0.31850488 0.06112217]\n",
      " [0.03372998 0.01257832 0.02593997 ... 0.13364978 0.06112217 0.01172955]]\n",
      "[[ 0.05409312 -0.11795667  0.18485313 ...  0.03642359 -0.17613495\n",
      "   0.01441536]\n",
      " [-0.11795667  0.25721895 -0.40309488 ... -0.0794261   0.38408381\n",
      "  -0.03143447]\n",
      " [ 0.18485313 -0.40309488  0.63170106 ...  0.12447082 -0.6019083\n",
      "   0.04926181]\n",
      " ...\n",
      " [ 0.03642359 -0.0794261   0.12447082 ...  0.02452582 -0.11860043\n",
      "   0.00970658]\n",
      " [-0.17613495  0.38408381 -0.6019083  ... -0.11860043  0.57352064\n",
      "  -0.04693849]\n",
      " [ 0.01441536 -0.03143447  0.04926181 ...  0.00970658 -0.04693849\n",
      "   0.00384157]]\n",
      "[[ 1.67694857  2.60466591  0.4739855  ... -0.77914494 -2.09619765\n",
      "   0.69395655]\n",
      " [ 2.60466591  4.04561275  0.73620258 ... -1.21018158 -3.25585094\n",
      "   1.07786548]\n",
      " [ 0.4739855   0.73620258  0.13397087 ... -0.22022345 -0.59248525\n",
      "   0.19614516]\n",
      " ...\n",
      " [-0.77914494 -1.21018158 -0.22022345 ...  0.36200683  0.97393672\n",
      "  -0.32242655]\n",
      " [-2.09619765 -3.25585094 -0.59248525 ...  0.97393672  2.62026199\n",
      "  -0.86745063]\n",
      " [ 0.69395655  1.07786548  0.19614516 ... -0.32242655 -0.86745063\n",
      "   0.2871738 ]]\n",
      "[[ 2.23791367e-02 -8.75842549e-02 -7.54227879e-03 ...  1.12817665e-01\n",
      "  -2.40211884e-01 -2.74892045e-02]\n",
      " [-8.75842549e-02  3.42774692e-01  2.95178887e-02 ... -4.41529591e-01\n",
      "   9.40106812e-01  1.07583305e-01]\n",
      " [-7.54227879e-03  2.95178887e-02  2.54191974e-03 ... -3.80221225e-02\n",
      "   8.09568760e-02  9.26448802e-03]\n",
      " ...\n",
      " [ 1.12817665e-01 -4.41529591e-01 -3.80221225e-02 ...  5.68736211e-01\n",
      "  -1.21095573e+00 -1.38578529e-01]\n",
      " [-2.40211884e-01  9.40106812e-01  8.09568760e-02 ... -1.21095573e+00\n",
      "   2.57837243e+00  2.95062034e-01]\n",
      " [-2.74892045e-02  1.07583305e-01  9.26448802e-03 ... -1.38578529e-01\n",
      "   2.95062034e-01  3.37661088e-02]]\n",
      "[[ 0.69178858  0.48508126 -0.82601296 ... -1.22883068  0.38369344\n",
      "   0.37972372]\n",
      " [ 0.48508126  0.34013836 -0.57919922 ... -0.86165449  0.26904534\n",
      "   0.26626178]\n",
      " [-0.82601296 -0.57919922  0.98628025 ...  1.46725473 -0.45813961\n",
      "  -0.45339967]\n",
      " ...\n",
      " [-1.22883068 -0.86165449  1.46725473 ...  2.1827837  -0.68155833\n",
      "  -0.67450688]\n",
      " [ 0.38369344  0.26904534 -0.45813961 ... -0.68155833  0.21281163\n",
      "   0.21060986]\n",
      " [ 0.37972372  0.26626178 -0.45339967 ... -0.67450688  0.21060986\n",
      "   0.20843088]]\n",
      "[[ 0.36762558  0.6297599   0.50455805 ... -0.13972843 -0.47099683\n",
      "  -0.08408863]\n",
      " [ 0.6297599   1.07880833  0.86433166 ... -0.23936137 -0.80683971\n",
      "  -0.14404777]\n",
      " [ 0.50455805  0.86433166  0.69249487 ... -0.19177421 -0.64643282\n",
      "  -0.1154098 ]\n",
      " ...\n",
      " [-0.13972843 -0.23936137 -0.19177421 ...  0.05310848  0.17901814\n",
      "   0.0319607 ]\n",
      " [-0.47099683 -0.80683971 -0.64643282 ...  0.17901814  0.60343465\n",
      "   0.10773319]\n",
      " [-0.08408863 -0.14404777 -0.1154098  ...  0.0319607   0.10773319\n",
      "   0.01923396]]\n",
      "[[ 1.7613516   0.96846533 -1.64095139 ... -0.43089557  0.4890524\n",
      "   0.14982417]\n",
      " [ 0.96846533  0.53250305 -0.90226423 ... -0.23692454  0.26890162\n",
      "   0.08237964]\n",
      " [-1.64095139 -0.90226423  1.52878134 ...  0.40144096 -0.45562239\n",
      "  -0.13958269]\n",
      " ...\n",
      " [-0.43089557 -0.23692454  0.40144096 ...  0.10541393 -0.11964137\n",
      "  -0.03665286]\n",
      " [ 0.4890524   0.26890162 -0.45562239 ... -0.11964137  0.13578905\n",
      "   0.0415998 ]\n",
      " [ 0.14982417  0.08237964 -0.13958269 ... -0.03665286  0.0415998\n",
      "   0.01274435]]\n",
      "[[ 8.96381336e-04 -5.29503107e-02 -1.04908694e-02 ...  1.12396838e-02\n",
      "   1.63782112e-02  4.68342905e-03]\n",
      " [-5.29503107e-02  3.12783778e+00  6.19708120e-01 ... -6.63941478e-01\n",
      "  -9.67480400e-01 -2.76655719e-01]\n",
      " [-1.04908694e-02  6.19708120e-01  1.22780714e-01 ... -1.31544522e-01\n",
      "  -1.91683681e-01 -5.48128797e-02]\n",
      " ...\n",
      " [ 1.12396838e-02 -6.63941478e-01 -1.31544522e-01 ...  1.40933871e-01\n",
      "   2.05365627e-01  5.87252985e-02]\n",
      " [ 1.63782112e-02 -9.67480400e-01 -1.91683681e-01 ...  2.05365627e-01\n",
      "   2.99254114e-01  8.55731675e-02]\n",
      " [ 4.68342905e-03 -2.76655719e-01 -5.48128797e-02 ...  5.87252985e-02\n",
      "   8.55731675e-02  2.44700629e-02]]\n",
      "[[ 4.33884376e-01  7.67396944e-01  3.61975068e-03 ... -6.93315152e-02\n",
      "   1.32719208e-01 -1.69143522e-01]\n",
      " [ 7.67396944e-01  1.35726959e+00  6.40213329e-03 ... -1.22624358e-01\n",
      "   2.34736074e-01 -2.99158553e-01]\n",
      " [ 3.61975068e-03  6.40213329e-03  3.01983563e-05 ... -5.78409395e-04\n",
      "   1.10723149e-03 -1.41110723e-03]\n",
      " ...\n",
      " [-6.93315152e-02 -1.22624358e-01 -5.78409395e-04 ...  1.10786635e-02\n",
      "  -2.12075482e-02  2.70278843e-02]\n",
      " [ 1.32719208e-01  2.34736074e-01  1.10723149e-03 ... -2.12075482e-02\n",
      "   4.05969638e-02 -5.17386559e-02]\n",
      " [-1.69143522e-01 -2.99158553e-01 -1.41110723e-03 ...  2.70278843e-02\n",
      "  -5.17386559e-02  6.59381457e-02]]\n",
      "[[ 0.30004819  0.16611595  0.32480192 ... -0.0160713   0.34209645\n",
      "   0.01384314]\n",
      " [ 0.16611595  0.09196692  0.17982038 ... -0.00889757  0.18939516\n",
      "   0.00766399]\n",
      " [ 0.32480192  0.17982038  0.35159782 ... -0.01739717  0.37031913\n",
      "   0.01498519]\n",
      " ...\n",
      " [-0.0160713  -0.00889757 -0.01739717 ...  0.00086082 -0.01832351\n",
      "  -0.00074147]\n",
      " [ 0.34209645  0.18939516  0.37031913 ... -0.01832351  0.39003729\n",
      "   0.0157831 ]\n",
      " [ 0.01384314  0.00766399  0.01498519 ... -0.00074147  0.0157831\n",
      "   0.00063867]]\n",
      "[[ 1.52786524 -0.08934507  0.56872386 ...  1.19223897  1.1743188\n",
      "   0.81282248]\n",
      " [-0.08934507  0.00522464 -0.0332573  ... -0.06971863 -0.06867071\n",
      "  -0.04753147]\n",
      " [ 0.56872386 -0.0332573   0.21169854 ...  0.44379225  0.43712175\n",
      "   0.30256041]\n",
      " ...\n",
      " [ 1.19223897 -0.06971863  0.44379225 ...  0.93033974  0.9163561\n",
      "   0.6342697 ]\n",
      " [ 1.1743188  -0.06867071  0.43712175 ...  0.9163561   0.90258263\n",
      "   0.62473619]\n",
      " [ 0.81282248 -0.04753147  0.30256041 ...  0.6342697   0.62473619\n",
      "   0.43242058]]\n",
      "[[ 0.15726397 -0.08810524  0.09249117 ... -0.09949371  0.03287719\n",
      "   0.10746529]\n",
      " [-0.08810524  0.04935989 -0.05181706 ...  0.05574015 -0.01841905\n",
      "  -0.06020613]\n",
      " [ 0.09249117 -0.05181706  0.05439655 ... -0.05851493  0.01933596\n",
      "   0.06320323]\n",
      " ...\n",
      " [-0.09949371  0.05574015 -0.05851493 ...  0.06294511 -0.02079989\n",
      "  -0.06798836]\n",
      " [ 0.03287719 -0.01841905  0.01933596 ... -0.02079989  0.00687322\n",
      "   0.02246641]\n",
      " [ 0.10746529 -0.06020613  0.06320323 ... -0.06798836  0.02246641\n",
      "   0.07343569]]\n",
      "[[ 7.18755917e-01  3.08843166e-01 -7.16389703e-01 ... -4.70212013e-01\n",
      "  -1.83912806e-02 -2.09258877e-01]\n",
      " [ 3.08843166e-01  1.32707222e-01 -3.07826425e-01 ... -2.02046012e-01\n",
      "  -7.90257330e-03 -8.99167195e-02]\n",
      " [-7.16389703e-01 -3.07826425e-01  7.14031279e-01 ...  4.68664030e-01\n",
      "   1.83307347e-02  2.08569977e-01]\n",
      " ...\n",
      " [-4.70212013e-01 -2.02046012e-01  4.68664030e-01 ...  3.07613937e-01\n",
      "   1.20316242e-02  1.36897708e-01]\n",
      " [-1.83912806e-02 -7.90257330e-03  1.83307347e-02 ...  1.20316242e-02\n",
      "   4.70589797e-04  5.35444458e-03]\n",
      " [-2.09258877e-01 -8.99167195e-02  2.08569977e-01 ...  1.36897708e-01\n",
      "   5.35444458e-03  6.09237109e-02]]\n",
      "[[ 0.03475792  0.08377     0.03587769 ...  0.02457739 -0.06942795\n",
      "   0.11624947]\n",
      " [ 0.08377     0.20189396  0.08646878 ...  0.05923392 -0.16732821\n",
      "   0.28017268]\n",
      " [ 0.03587769  0.08646878  0.03703355 ...  0.02536918 -0.07166468\n",
      "   0.11999462]\n",
      " ...\n",
      " [ 0.02457739  0.05923392  0.02536918 ...  0.01737871 -0.04909263\n",
      "   0.08220021]\n",
      " [-0.06942795 -0.16732821 -0.07166468 ... -0.04909263  0.13868038\n",
      "  -0.23220503]\n",
      " [ 0.11624947  0.28017268  0.11999462 ...  0.08220021 -0.23220503\n",
      "   0.38880178]]\n",
      "[[ 0.00892076 -0.09928618 -0.04835605 ...  0.03521209  0.0268577\n",
      "  -0.00771101]\n",
      " [-0.09928618  1.10503442  0.53819279 ... -0.39190322 -0.29892061\n",
      "   0.08582194]\n",
      " [-0.04835605  0.53819279  0.26211987 ... -0.19087142 -0.14558543\n",
      "   0.04179847]\n",
      " ...\n",
      " [ 0.03521209 -0.39190322 -0.19087142 ...  0.13898946  0.10601294\n",
      "  -0.03043697]\n",
      " [ 0.0268577  -0.29892061 -0.14558543 ...  0.10601294  0.0808604\n",
      "  -0.02321552]\n",
      " [-0.00771101  0.08582194  0.04179847 ... -0.03043697 -0.02321552\n",
      "   0.00666532]]\n",
      "[[ 0.02741451  0.11292285  0.0408833  ... -0.08142871 -0.09028414\n",
      "  -0.1678551 ]\n",
      " [ 0.11292285  0.4651394   0.16840202 ... -0.3354122  -0.37188851\n",
      "  -0.69141033]\n",
      " [ 0.0408833   0.16840202  0.06096934 ... -0.12143476 -0.13464088\n",
      "  -0.25032259]\n",
      " ...\n",
      " [-0.08142871 -0.3354122  -0.12143476 ...  0.24186587  0.26816895\n",
      "   0.49857626]\n",
      " [-0.09028414 -0.37188851 -0.13464088 ...  0.26816895  0.29733251\n",
      "   0.55279677]\n",
      " [-0.1678551  -0.69141033 -0.25032259 ...  0.49857626  0.55279677\n",
      "   1.02775264]]\n",
      "[[ 0.74812123  0.1385344  -0.20596955 ...  0.25406962  0.46953495\n",
      "   0.3229444 ]\n",
      " [ 0.1385344   0.0256533  -0.0381407  ...  0.0470477   0.08694679\n",
      "   0.05980168]\n",
      " [-0.20596955 -0.0381407   0.05670666 ... -0.06994936 -0.12927036\n",
      "  -0.08891168]\n",
      " ...\n",
      " [ 0.25406962  0.0470477  -0.06994936 ...  0.08628464  0.15945887\n",
      "   0.10967522]\n",
      " [ 0.46953495  0.08694679 -0.12927036 ...  0.15945887  0.29468896\n",
      "   0.20268598]\n",
      " [ 0.3229444   0.05980168 -0.08891168 ...  0.10967522  0.20268598\n",
      "   0.13940667]]\n",
      "[[ 1.33467316e-01  1.00896407e-01 -4.07262789e-02 ...  2.02840838e-03\n",
      "  -1.19314875e-01  1.34983052e-01]\n",
      " [ 1.00896407e-01  7.62739914e-02 -3.07875765e-02 ...  1.53340250e-03\n",
      "  -9.01976796e-02  1.02042248e-01]\n",
      " [-4.07262789e-02 -3.07875765e-02  1.24272357e-02 ... -6.18949475e-04\n",
      "   3.64077966e-02 -4.11887914e-02]\n",
      " ...\n",
      " [ 2.02840838e-03  1.53340250e-03 -6.18949475e-04 ...  3.08273265e-05\n",
      "  -1.81332254e-03  2.05144422e-03]\n",
      " [-1.19314875e-01 -9.01976796e-02  3.64077966e-02 ... -1.81332254e-03\n",
      "   1.06663114e-01 -1.20669888e-01]\n",
      " [ 1.34983052e-01  1.02042248e-01 -4.11887914e-02 ...  2.05144422e-03\n",
      "  -1.20669888e-01  1.36516002e-01]]\n",
      "[[ 0.00881978 -0.10703333 -0.01807813 ...  0.06581541  0.0249076\n",
      "   0.06598624]\n",
      " [-0.10703333  1.29891328  0.2193889  ... -0.79870921 -0.30226852\n",
      "  -0.80078235]\n",
      " [-0.01807813  0.2193889   0.0370552  ... -0.13490349 -0.05105372\n",
      "  -0.13525365]\n",
      " ...\n",
      " [ 0.06581541 -0.79870921 -0.13490349 ...  0.49113087  0.18586665\n",
      "   0.49240565]\n",
      " [ 0.0249076  -0.30226852 -0.05105372 ...  0.18586665  0.07034054\n",
      "   0.18634908]\n",
      " [ 0.06598624 -0.80078235 -0.13525365 ...  0.49240565  0.18634908\n",
      "   0.49368374]]\n",
      "[[ 0.12737019 -0.12245997 -0.17524892 ...  0.24809084  0.11714725\n",
      "   0.41652909]\n",
      " [-0.12245997  0.11773905  0.16849294 ... -0.23852675 -0.11263114\n",
      "  -0.40047157]\n",
      " [-0.17524892  0.16849294  0.24112536 ... -0.34134872 -0.16118316\n",
      "  -0.57310326]\n",
      " ...\n",
      " [ 0.24809084 -0.23852675 -0.34134872 ...  0.48322975  0.22817867\n",
      "   0.81131268]\n",
      " [ 0.11714725 -0.11263114 -0.16118316 ...  0.22817867  0.10774482\n",
      "   0.38309779]\n",
      " [ 0.41652909 -0.40047157 -0.57310326 ...  0.81131268  0.38309779\n",
      "   1.36214352]]\n",
      "[[ 0.42748648  0.55340557  0.24578656 ...  0.04513797 -0.36495724\n",
      "  -0.20724821]\n",
      " [ 0.55340557  0.71641499  0.31818468 ...  0.05843367 -0.47245791\n",
      "  -0.26829459]\n",
      " [ 0.24578656  0.31818468  0.14131682 ...  0.02595241 -0.2098349\n",
      "  -0.11915891]\n",
      " ...\n",
      " [ 0.04513797  0.05843367  0.02595241 ...  0.00476608 -0.03853555\n",
      "  -0.02188318]\n",
      " [-0.36495724 -0.47245791 -0.2098349  ... -0.03853555  0.31157427\n",
      "   0.17693363]\n",
      " [-0.20724821 -0.26829459 -0.11915891 ... -0.02188318  0.17693363\n",
      "   0.10047527]]\n",
      "[[ 2.17078236e-05  4.56606596e-03  2.44341068e-03 ... -4.08720378e-03\n",
      "   4.36635426e-03 -2.66023183e-03]\n",
      " [ 4.56606596e-03  9.60435220e-01  5.13951768e-01 ... -8.59710415e-01\n",
      "   9.18427472e-01 -5.59558352e-01]\n",
      " [ 2.44341068e-03  5.13951768e-01  2.75027835e-01 ... -4.60051525e-01\n",
      "   4.91472421e-01 -2.99433005e-01]\n",
      " ...\n",
      " [-4.08720378e-03 -8.59710415e-01 -4.60051525e-01 ...  7.69549036e-01\n",
      "  -8.22108193e-01  5.00875159e-01]\n",
      " [ 4.36635426e-03  9.18427472e-01  4.91472421e-01 ... -8.22108193e-01\n",
      "   8.78257068e-01 -5.35084253e-01]\n",
      " [-2.66023183e-03 -5.59558352e-01 -2.99433005e-01 ...  5.00875159e-01\n",
      "  -5.35084253e-01  3.26003819e-01]]\n",
      "[[ 0.01552833 -0.04790267  0.1003698  ... -0.00597673 -0.01097615\n",
      "   0.00614913]\n",
      " [-0.04790267  0.14777292 -0.30962655 ...  0.01843736  0.03385987\n",
      "  -0.01896919]\n",
      " [ 0.1003698  -0.30962655  0.64875623 ... -0.03863155 -0.07094611\n",
      "   0.03974588]\n",
      " ...\n",
      " [-0.00597673  0.01843736 -0.03863155 ...  0.0023004   0.00422463\n",
      "  -0.00236675]\n",
      " [-0.01097615  0.03385987 -0.07094611 ...  0.00422463  0.00775846\n",
      "  -0.00434649]\n",
      " [ 0.00614913 -0.01896919  0.03974588 ... -0.00236675 -0.00434649\n",
      "   0.00243502]]\n",
      "[[ 0.03515519 -0.07059254 -0.01204409 ...  0.0504414  -0.07920755\n",
      "   0.02915283]\n",
      " [-0.07059254  0.14175164  0.02418484 ... -0.10128763  0.1590508\n",
      "  -0.05853963]\n",
      " [-0.01204409  0.02418484  0.00412628 ... -0.01728111  0.02713632\n",
      "  -0.00998769]\n",
      " ...\n",
      " [ 0.0504414  -0.10128763 -0.01728111 ...  0.07237436 -0.11364862\n",
      "   0.04182908]\n",
      " [-0.07920755  0.1590508   0.02713632 ... -0.11364862  0.17846113\n",
      "  -0.06568372]\n",
      " [ 0.02915283 -0.05853963 -0.00998769 ...  0.04182908 -0.06568372\n",
      "   0.0241753 ]]\n",
      "[[ 0.00125457 -0.02110025 -0.00912734 ...  0.03824779  0.00491805\n",
      "   0.0240817 ]\n",
      " [-0.02110025  0.3548786   0.15350992 ... -0.64327771 -0.0827151\n",
      "  -0.40502272]\n",
      " [-0.00912734  0.15350992  0.06640382 ... -0.27826279 -0.03578009\n",
      "  -0.17520077]\n",
      " ...\n",
      " [ 0.03824779 -0.64327771 -0.27826279 ...  1.16605005  0.14993516\n",
      "   0.73417244]\n",
      " [ 0.00491805 -0.0827151  -0.03578009 ...  0.14993516  0.01927924\n",
      "   0.09440269]\n",
      " [ 0.0240817  -0.40502272 -0.17520077 ...  0.73417244  0.09440269\n",
      "   0.46225217]]\n",
      "[[ 1.15456359e-01  2.54190709e-02 -4.82282997e-02 ...  2.01644433e-03\n",
      "  -7.26733958e-02 -5.57209875e-02]\n",
      " [ 2.54190709e-02  5.59630644e-03 -1.06180256e-02 ...  4.43943858e-04\n",
      "  -1.59999000e-02 -1.22676286e-02]\n",
      " [-4.82282997e-02 -1.06180256e-02  2.01458709e-02 ... -8.42306848e-04\n",
      "   3.03570488e-02  2.32757079e-02]\n",
      " ...\n",
      " [ 2.01644433e-03  4.43943858e-04 -8.42306848e-04 ...  3.52171832e-05\n",
      "  -1.26924024e-03 -9.73166576e-04]\n",
      " [-7.26733958e-02 -1.59999000e-02  3.03570488e-02 ... -1.26924024e-03\n",
      "   4.57438855e-02  3.50732816e-02]\n",
      " [-5.57209875e-02 -1.22676286e-02  2.32757079e-02 ... -9.73166576e-04\n",
      "   3.50732816e-02  2.68917925e-02]]\n",
      "[[0.1961962  0.16015605 0.06154589 ... 0.51612043 0.17863498 0.05225017]\n",
      " [0.16015605 0.13073627 0.05024025 ... 0.42131197 0.14582073 0.04265211]\n",
      " [0.06154589 0.05024025 0.01930668 ... 0.16190473 0.05603701 0.01639065]\n",
      " ...\n",
      " [0.51612043 0.42131197 0.16190473 ... 1.35772402 0.46992329 0.13745109]\n",
      " [0.17863498 0.14582073 0.05603701 ... 0.46992329 0.16264564 0.04757334]\n",
      " [0.05225017 0.04265211 0.01639065 ... 0.13745109 0.04757334 0.01391505]]\n",
      "[[ 0.00325551 -0.03203467  0.0068205  ... -0.00486444 -0.01608743\n",
      "  -0.01235561]\n",
      " [-0.03203467  0.31522603 -0.06711474 ...  0.04786686  0.15830277\n",
      "   0.12158111]\n",
      " [ 0.0068205  -0.06711474  0.01428939 ... -0.01019133 -0.03370423\n",
      "  -0.02588582]\n",
      " ...\n",
      " [-0.00486444  0.04786686 -0.01019133 ...  0.00726855  0.02403817\n",
      "   0.01846201]\n",
      " [-0.01608743  0.15830277 -0.03370423 ...  0.02403817  0.07949778\n",
      "   0.06105659]\n",
      " [-0.01235561  0.12158111 -0.02588582 ...  0.01846201  0.06105659\n",
      "   0.04689323]]\n",
      "[[ 0.44664925  0.43787849  0.15594214 ... -0.39545471 -0.22963239\n",
      "  -0.28831798]\n",
      " [ 0.43787849  0.42927995  0.15287993 ... -0.38768924 -0.22512314\n",
      "  -0.28265634]\n",
      " [ 0.15594214  0.15287993  0.0544453  ... -0.13806819 -0.08017335\n",
      "  -0.10066271]\n",
      " ...\n",
      " [-0.39545471 -0.38768924 -0.13806819 ...  0.35012803  0.20331212\n",
      "   0.25527123]\n",
      " [-0.22963239 -0.22512314 -0.08017335 ...  0.20331212  0.11805915\n",
      "   0.14823073]\n",
      " [-0.28831798 -0.28265634 -0.10066271 ...  0.25527123  0.14823073\n",
      "   0.18611306]]\n",
      "[[ 4.79153912e-02 -1.01123630e-01 -1.59407015e-01 ... -4.77368216e-02\n",
      "  -1.74952450e-02 -2.62757219e-03]\n",
      " [-1.01123630e-01  2.13417616e-01  3.36422507e-01 ...  1.00746766e-01\n",
      "   3.69230563e-02  5.54539223e-03]\n",
      " [-1.59407015e-01  3.36422507e-01  5.30322216e-01 ...  1.58812942e-01\n",
      "   5.82039448e-02  8.74152185e-03]\n",
      " ...\n",
      " [-4.77368216e-02  1.00746766e-01  1.58812942e-01 ...  4.75589174e-02\n",
      "   1.74300443e-02  2.61777983e-03]\n",
      " [-1.74952450e-02  3.69230563e-02  5.82039448e-02 ...  1.74300443e-02\n",
      "   6.38800164e-03  9.59399851e-04]\n",
      " [-2.62757219e-03  5.54539223e-03  8.74152185e-03 ...  2.61777983e-03\n",
      "   9.59399851e-04  1.44090144e-04]]\n",
      "[[ 0.01863662  0.05210392  0.02820322 ... -0.02452851 -0.01200952\n",
      "   0.04478243]\n",
      " [ 0.05210392  0.14567122  0.07885005 ... -0.06857637 -0.03357599\n",
      "   0.12520192]\n",
      " [ 0.02820322  0.07885005  0.04268057 ... -0.03711955 -0.01817427\n",
      "   0.06777027]\n",
      " ...\n",
      " [-0.02452851 -0.06857637 -0.03711955 ...  0.0322831   0.01580628\n",
      "  -0.05894021]\n",
      " [-0.01200952 -0.03357599 -0.01817427 ...  0.01580628  0.00773898\n",
      "  -0.02885799]\n",
      " [ 0.04478243  0.12520192  0.06777027 ... -0.05894021 -0.02885799\n",
      "   0.10760891]]\n",
      "[[ 0.0271771  -0.02206976 -0.08303807 ...  0.00647123  0.05887934\n",
      "   0.06419671]\n",
      " [-0.02206976  0.01792223  0.06743288 ... -0.0052551  -0.04781426\n",
      "  -0.05213234]\n",
      " [-0.08303807  0.06743288  0.25371805 ... -0.01977246 -0.17990244\n",
      "  -0.19614934]\n",
      " ...\n",
      " [ 0.00647123 -0.0052551  -0.01977246 ...  0.00154088  0.01401995\n",
      "   0.01528608]\n",
      " [ 0.05887934 -0.04781426 -0.17990244 ...  0.01401995  0.12756242\n",
      "   0.13908252]\n",
      " [ 0.06419671 -0.05213234 -0.19614934 ...  0.01528608  0.13908252\n",
      "   0.15164299]]\n",
      "[[ 0.06634342 -0.08380538 -0.11797892 ...  0.26792923  0.03765805\n",
      "   0.1441812 ]\n",
      " [-0.08380538  0.10586342  0.14903162 ... -0.33844969 -0.04756986\n",
      "  -0.18213049]\n",
      " [-0.11797892  0.14903162  0.20980264 ... -0.47646021 -0.06696755\n",
      "  -0.25639832]\n",
      " ...\n",
      " [ 0.26792923 -0.33844969 -0.47646021 ...  1.08203753  0.15208279\n",
      "   0.58227865]\n",
      " [ 0.03765805 -0.04756986 -0.06696755 ...  0.15208279  0.02137558\n",
      "   0.08184056]\n",
      " [ 0.1441812  -0.18213049 -0.25639832 ...  0.58227865  0.08184056\n",
      "   0.31334258]]\n",
      "[[ 0.00036697  0.00210629  0.00808687 ... -0.00030816 -0.00744113\n",
      "  -0.00549429]\n",
      " [ 0.00210629  0.01208947  0.04641612 ... -0.00176873 -0.04270978\n",
      "  -0.03153552]\n",
      " [ 0.00808687  0.04641612  0.17820925 ... -0.00679082 -0.16397921\n",
      "  -0.12107693]\n",
      " ...\n",
      " [-0.00030816 -0.00176873 -0.00679082 ...  0.00025877  0.00624857\n",
      "   0.00461374]\n",
      " [-0.00744113 -0.04270978 -0.16397921 ...  0.00624857  0.15088544\n",
      "   0.11140892]\n",
      " [-0.00549429 -0.03153552 -0.12107693 ...  0.00461374  0.11140892\n",
      "   0.08226073]]\n",
      "[[ 0.01359344 -0.0037626   0.0082935  ...  0.050056    0.03695737\n",
      "   0.0599654 ]\n",
      " [-0.0037626   0.00104147 -0.0022956  ... -0.01385526 -0.01022962\n",
      "  -0.01659813]\n",
      " [ 0.0082935  -0.0022956   0.00505996 ...  0.03053971  0.0225481\n",
      "   0.03658555]\n",
      " ...\n",
      " [ 0.050056   -0.01385526  0.03053971 ...  0.18432446  0.13609053\n",
      "   0.2208145 ]\n",
      " [ 0.03695737 -0.01022962  0.0225481  ...  0.13609053  0.10047843\n",
      "   0.16303188]\n",
      " [ 0.0599654  -0.01659813  0.03658555 ...  0.2208145   0.16303188\n",
      "   0.26452833]]\n",
      "[[ 0.01451047 -0.03063547  0.02764111 ...  0.034012   -0.05728151\n",
      "   0.01405956]\n",
      " [-0.03063547  0.06467965 -0.05835776 ... -0.07180841  0.12093655\n",
      "  -0.02968348]\n",
      " [ 0.02764111 -0.05835776  0.05265377 ...  0.06478973 -0.10911601\n",
      "   0.02678216]\n",
      " ...\n",
      " [ 0.034012   -0.07180841  0.06478973 ...  0.07972287 -0.13426574\n",
      "   0.03295508]\n",
      " [-0.05728151  0.12093655 -0.10911601 ... -0.13426574  0.22612443\n",
      "  -0.05550149]\n",
      " [ 0.01405956 -0.02968348  0.02678216 ...  0.03295508 -0.05550149\n",
      "   0.01362266]]\n",
      "[[ 0.0453571  -0.06035511 -0.08353074 ...  0.04980141  0.0044738\n",
      "   0.07353583]\n",
      " [-0.06035511  0.08031245  0.11115145 ... -0.06626901 -0.00595313\n",
      "  -0.09785157]\n",
      " [-0.08353074  0.11115145  0.15383224 ... -0.0917155  -0.00823906\n",
      "  -0.13542538]\n",
      " ...\n",
      " [ 0.04980141 -0.06626901 -0.0917155  ...  0.05468121  0.00491217\n",
      "   0.08074124]\n",
      " [ 0.0044738  -0.00595313 -0.00823906 ...  0.00491217  0.00044127\n",
      "   0.00725321]\n",
      " [ 0.07353583 -0.09785157 -0.13542538 ...  0.08074124  0.00725321\n",
      "   0.11922099]]\n",
      "[[ 0.04626237  0.11011882  0.01613401 ... -0.00893696  0.06234773\n",
      "   0.06819951]\n",
      " [ 0.11011882  0.26211701  0.03840395 ... -0.02127273  0.14840697\n",
      "   0.16233603]\n",
      " [ 0.01613401  0.03840395  0.00562674 ... -0.00311676  0.02174378\n",
      "   0.02378459]\n",
      " ...\n",
      " [-0.00893696 -0.02127273 -0.00311676 ...  0.00172644 -0.01204432\n",
      "  -0.01317477]\n",
      " [ 0.06234773  0.14840697  0.02174378 ... -0.01204432  0.08402594\n",
      "   0.09191237]\n",
      " [ 0.06819951  0.16233603  0.02378459 ... -0.01317477  0.09191237\n",
      "   0.10053901]]\n",
      "[[ 0.00061497 -0.00507712  0.00641736 ... -0.00754241 -0.00308144\n",
      "   0.00240417]\n",
      " [-0.00507712  0.04191637 -0.05298134 ...  0.06226969  0.0254402\n",
      "  -0.01984867]\n",
      " [ 0.00641736 -0.05298134  0.06696721 ... -0.07870748 -0.03215584\n",
      "   0.02508827]\n",
      " ...\n",
      " [-0.00754241  0.06226969 -0.07870748 ...  0.09250597  0.03779319\n",
      "  -0.02948658]\n",
      " [-0.00308144  0.0254402  -0.03215584 ...  0.03779319  0.01544036\n",
      "  -0.0120467 ]\n",
      " [ 0.00240417 -0.01984867  0.02508827 ... -0.02948658 -0.0120467\n",
      "   0.00939894]]\n",
      "[[ 0.0074693  -0.01422386 -0.03094855 ...  0.02407624 -0.0133059\n",
      "  -0.01919679]\n",
      " [-0.01422386  0.02708661  0.05893559 ... -0.04584859  0.02533853\n",
      "   0.03655661]\n",
      " [-0.03094855  0.05893559  0.12823325 ... -0.09975829  0.05513209\n",
      "   0.0795406 ]\n",
      " ...\n",
      " [ 0.02407624 -0.04584859 -0.09975829 ...  0.07760637 -0.04288969\n",
      "  -0.06187814]\n",
      " [-0.0133059   0.02533853  0.05513209 ... -0.04288969  0.02370327\n",
      "   0.03419737]\n",
      " [-0.01919679  0.03655661  0.0795406  ... -0.06187814  0.03419737\n",
      "   0.0493375 ]]\n",
      "[[ 0.01410896  0.05477882  0.02663555 ... -0.09507641  0.0347677\n",
      "  -0.02621535]\n",
      " [ 0.05477882  0.21268172  0.10341398 ... -0.3691393   0.13498749\n",
      "  -0.10178251]\n",
      " [ 0.02663555  0.10341398  0.05028383 ... -0.17948964  0.06563608\n",
      "  -0.04949055]\n",
      " ...\n",
      " [-0.09507641 -0.3691393  -0.17948964 ...  0.64069363 -0.23428995\n",
      "   0.176658  ]\n",
      " [ 0.0347677   0.13498749  0.06563608 ... -0.23428995  0.08567555\n",
      "  -0.0646006 ]\n",
      " [-0.02621535 -0.10178251 -0.04949055 ...  0.176658   -0.0646006\n",
      "   0.04870978]]\n",
      "[[ 0.06137886  0.11114714 -0.04623658 ... -0.06043378  0.03353065\n",
      "  -0.02682686]\n",
      " [ 0.11114714  0.20126942 -0.08372693 ... -0.10943576  0.06071856\n",
      "  -0.04857909]\n",
      " [-0.04623658 -0.08372693  0.03482993 ...  0.04552465 -0.02525857\n",
      "   0.02020863]\n",
      " ...\n",
      " [-0.06043378 -0.10943576  0.04552465 ...  0.05950325 -0.03301436\n",
      "   0.0264138 ]\n",
      " [ 0.03353065  0.06071856 -0.02525857 ... -0.03301436  0.01831746\n",
      "  -0.01465525]\n",
      " [-0.02682686 -0.04857909  0.02020863 ...  0.0264138  -0.01465525\n",
      "   0.01172522]]\n",
      "[[ 0.00968668  0.00252162 -0.0241589  ... -0.0382213   0.01257716\n",
      "  -0.00745313]\n",
      " [ 0.00252162  0.00065642 -0.00628899 ... -0.00994968  0.00327406\n",
      "  -0.00194018]\n",
      " [-0.0241589  -0.00628899  0.06025309 ...  0.09532516 -0.03136785\n",
      "   0.01858835]\n",
      " ...\n",
      " [-0.0382213  -0.00994968  0.09532516 ...  0.15081195 -0.04962643\n",
      "   0.02940824]\n",
      " [ 0.01257716  0.00327406 -0.03136785 ... -0.04962643  0.01633015\n",
      "  -0.00967712]\n",
      " [-0.00745313 -0.00194018  0.01858835 ...  0.02940824 -0.00967712\n",
      "   0.00573459]]\n",
      "[[ 0.02246954 -0.04756721 -0.04892977 ...  0.01437356  0.01323318\n",
      "   0.05846841]\n",
      " [-0.04756721  0.10069811  0.1035826  ... -0.03042831 -0.02801418\n",
      "  -0.12377557]\n",
      " [-0.04892977  0.1035826   0.10654971 ... -0.03129993 -0.02881664\n",
      "  -0.12732111]\n",
      " ...\n",
      " [ 0.01437356 -0.03042831 -0.03129993 ...  0.00919463  0.00846515\n",
      "   0.03740171]\n",
      " [ 0.01323318 -0.02801418 -0.02881664 ...  0.00846515  0.00779354\n",
      "   0.03443432]\n",
      " [ 0.05846841 -0.12377557 -0.12732111 ...  0.03740171  0.03443432\n",
      "   0.1521418 ]]\n",
      "[[ 0.00657129  0.01406664  0.01673925 ... -0.01380744  0.01122185\n",
      "   0.00291812]\n",
      " [ 0.01406664  0.03011135  0.0358324  ... -0.02955651  0.02402174\n",
      "   0.00624659]\n",
      " [ 0.01673925  0.0358324   0.04264042 ... -0.03517213  0.02858578\n",
      "   0.00743342]\n",
      " ...\n",
      " [-0.01380744 -0.02955651 -0.03517213 ...  0.02901188 -0.0235791\n",
      "  -0.00613149]\n",
      " [ 0.01122185  0.02402174  0.02858578 ... -0.0235791   0.01916367\n",
      "   0.0049833 ]\n",
      " [ 0.00291812  0.00624659  0.00743342 ... -0.00613149  0.0049833\n",
      "   0.00129585]]\n",
      "[[ 0.01670764 -0.02548654 -0.05759445 ...  0.07060381  0.01064515\n",
      "   0.03707271]\n",
      " [-0.02548654  0.03887823  0.087857   ... -0.10770202 -0.01623856\n",
      "  -0.05655227]\n",
      " [-0.05759445  0.087857    0.19853917 ... -0.24338492 -0.03669588\n",
      "  -0.12779677]\n",
      " ...\n",
      " [ 0.07060381 -0.10770202 -0.24338492 ...  0.29836036  0.04498469\n",
      "   0.15666333]\n",
      " [ 0.01064515 -0.01623856 -0.03669588 ...  0.04498469  0.00678248\n",
      "   0.0236206 ]\n",
      " [ 0.03707271 -0.05655227 -0.12779677 ...  0.15666333  0.0236206\n",
      "   0.08226092]]\n",
      "[[ 0.01583482 -0.02905663 -0.06707082 ...  0.03921291  0.01837002\n",
      "  -0.00243502]\n",
      " [-0.02905663  0.05331844  0.12307385 ... -0.07195504 -0.03370868\n",
      "   0.00446822]\n",
      " [-0.06707082  0.12307385  0.28408882 ... -0.16609234 -0.07780904\n",
      "   0.01031389]\n",
      " ...\n",
      " [ 0.03921291 -0.07195504 -0.16609234 ...  0.09710577  0.045491\n",
      "  -0.00603001]\n",
      " [ 0.01837002 -0.03370868 -0.07780904 ...  0.045491    0.0213111\n",
      "  -0.00282487]\n",
      " [-0.00243502  0.00446822  0.01031389 ... -0.00603001 -0.00282487\n",
      "   0.00037445]]\n",
      "[[ 0.02660785 -0.03321531 -0.03864584 ...  0.03346086  0.04554171\n",
      "   0.06188549]\n",
